0.602050 0.005767
0.606078 0.005767
0.610132 0.005766
0.614213 0.005766
0.618321 0.005765
0.622457 0.005764
0.626621 0.005764
0.630812 0.005763
0.635032 0.005763
0.639279 0.005762
0.643555 0.005761
0.647860 0.005761
0.652194 0.005760
0.656556 0.005760
0.660948 0.005759
0.665369 0.005758
0.669820 0.005758
0.674300 0.005757
0.678810 0.005757
0.683351 0.005756
0.687922 0.005755
0.692523 0.005755
0.697155 0.005754
0.701819 0.005754
0.706513 0.005753
0.711239 0.005753
0.715996 0.005753
0.720786 0.005753
0.725607 0.005752
0.730461 0.005751
0.735347 0.005750
0.740265 0.005749
0.745217 0.005748
0.750202 0.005748
0.755220 0.005747
0.760271 0.005746
0.765357 0.005746
0.770476 0.005745
0.775630 0.005744
0.780818 0.005747
0.786041 0.005745
0.791299 0.005745
0.796592 0.005743
0.801920 0.005743
0.807284 0.005742
0.812684 0.005742
0.818120 0.005743
0.823592 0.005742
0.829101 0.005741
0.834647 0.005740
0.840230 0.005739
0.845850 0.005738
0.851508 0.005737
0.857204 0.005736
0.862938 0.005735
0.868710 0.005748
0.874521 0.005739
0.880370 0.005734
0.886259 0.005734
0.892187 0.005734
0.898155 0.005738
0.904163 0.005738
0.910211 0.005738
0.916299 0.005737
0.922428 0.005738
0.928598 0.005736
0.934810 0.005749
0.941063 0.005743
0.947357 0.005746
0.953694 0.005739
0.960073 0.005738
0.966495 0.005734
0.972960 0.005733
0.979468 0.005732
0.986020 0.005728
0.992615 0.005727
0.999255 0.005726
1.005939 0.005725
1.012667 0.005725
1.019441 0.005724
1.026260 0.005723
1.033125 0.005725
1.040035 0.005756
1.046992 0.005741
1.053995 0.005760
1.061046 0.005738
1.068143 0.005741
1.075288 0.005730
1.082480 0.005724
1.089721 0.005726
1.097010 0.005728
1.104348 0.005727
1.111735 0.005736
1.119171 0.005751
1.126657 0.005750
1.134193 0.005753
1.141780 0.005743
1.149417 0.005743
1.157106 0.005733
1.164845 0.005725
1.172637 0.005725
1.180481 0.005728
1.188377 0.005728
1.196326 0.005736
1.204328 0.005795
1.212384 0.005780
1.220493 0.005802
1.228657 0.005777
1.236876 0.005771
1.245149 0.005729
1.253478 0.005752
1.261862 0.005750
1.270303 0.005721
1.278800 0.005716
1.287354 0.005753
1.295965 0.005766
1.304634 0.005727
1.313360 0.005774
1.322145 0.005773
1.330989 0.005742
1.339892 0.005789
1.348854 0.005759
1.357877 0.005772
1.366960 0.005780
1.376103 0.005773
1.385308 0.005775
1.394574 0.005767
1.403902 0.005767
1.413293 0.005759
1.422747 0.005769
1.432263 0.005832
1.441844 0.005837
1.451488 0.005789
1.461197 0.005749
1.470971 0.005790
1.480810 0.005796
1.490715 0.005773
1.500687 0.005765
1.510725 0.005727
1.520830 0.005744
1.531003 0.005810
1.541243 0.005806
1.551553 0.005753
1.561931 0.005769
1.572379 0.005840
1.582896 0.005816
1.593484 0.005785
1.604143 0.005838
1.614873 0.005814
1.625675 0.005785
1.636549 0.005802
1.647496 0.005810
1.658516 0.005779
1.669609 0.005769
1.680777 0.005750
1.692020 0.005723
1.703338 0.005718
1.714732 0.005718
1.726201 0.005717
1.737748 0.005717
1.749372 0.005722
1.761073 0.005728
1.772853 0.005723
1.784711 0.005728
1.796649 0.005736
1.808667 0.005746
1.820765 0.005759
1.832944 0.005772
1.845205 0.005779
1.857547 0.005777
1.869972 0.005790
1.882480 0.005820
1.895072 0.005790
1.907748 0.005781
1.920509 0.005767
1.933355 0.005787
1.946287 0.005841
1.959306 0.005874
1.972412 0.005854
1.985605 0.005828
1.998887 0.005870
2.012257 0.005885
2.025717 0.005853
2.039267 0.005856
2.052908 0.005873
2.066640 0.005863
2.080463 0.005842
2.094379 0.005837
2.108389 0.005821
2.122492 0.005798
2.136689 0.005785
2.150981 0.005810
2.165369 0.005803
2.179853 0.005768
2.194434 0.005746
2.209112 0.005740
2.223889 0.005740
2.238765 0.005716
2.253740 0.005737
2.268815 0.005722
2.283991 0.005712
2.299268 0.005709
2.314648 0.005709
2.330131 0.005710
2.345717 0.005715
2.361407 0.005714
2.377203 0.005718
2.393104 0.005719
2.409111 0.005723
2.425225 0.005723
2.441448 0.005729
2.457778 0.005730
2.474218 0.005737
2.490768 0.005773
2.507429 0.005756
2.524201 0.005760
2.541085 0.005768
2.558083 0.005781
2.575194 0.005793
2.592419 0.005805
2.609760 0.005813
2.627216 0.005809
2.644789 0.005791
2.662480 0.005852
2.680290 0.005920
2.698218 0.005920
2.716266 0.005898
2.734435 0.005889
2.752726 0.005914
2.771139 0.005919
2.789675 0.005910
2.808335 0.005887
2.827120 0.005879
2.846030 0.005875
2.865067 0.005863
2.884231 0.005835
2.903524 0.005797
2.922945 0.005775
2.942497 0.005763
2.962179 0.005799
2.981993 0.005820
3.001940 0.005803
3.022019 0.005806
3.042234 0.005784
3.062583 0.005772
3.083069 0.005755
3.103691 0.005772
3.124452 0.005794
3.145351 0.005780
3.166390 0.005789
3.187570 0.005775
3.208891 0.005763
3.230356 0.005751
3.251963 0.005745
3.273716 0.005743
3.295613 0.005741
3.317658 0.005739
3.339849 0.005736
3.362189 0.005739
3.384679 0.005721
3.407319 0.005718
3.430110 0.005714
3.453054 0.005714
3.476152 0.005712
3.499403 0.005711
3.522811 0.005716
3.546375 0.005734
3.570096 0.005762
3.593977 0.005783
3.618017 0.005789
3.642217 0.005791
3.666580 0.005752
3.691106 0.005728
3.715795 0.005730
3.740650 0.005741
3.765671 0.005780
3.790860 0.005804
3.816217 0.005819
3.841743 0.005815
3.867440 0.005788
3.893309 0.005750
3.919352 0.005748
3.945568 0.005779
3.971960 0.005808
3.998528 0.005805
4.025274 0.005807
4.052199 0.005774
4.079304 0.005780
4.106590 0.005782
4.134059 0.005786
4.161712 0.005835
4.189549 0.005893
4.217573 0.005939
4.245784 0.005955
4.274184 0.005957
4.302774 0.005943
4.331555 0.005930
4.360529 0.005929
4.389696 0.005925
4.419059 0.005921
4.448618 0.005904
4.478374 0.005880
4.508330 0.005839
4.538486 0.005794
4.568844 0.005769
4.599405 0.005765
4.630170 0.005786
4.661141 0.005785
4.692319 0.005813
4.723706 0.005825
4.755302 0.005830
4.787111 0.005845
4.819131 0.005867
4.851366 0.005865
4.883817 0.005854
4.916485 0.005845
4.949371 0.005829
4.982477 0.005809
5.015805 0.005777
