0.602050 0.005726
0.606078 0.005725
0.610132 0.005725
0.614213 0.005725
0.618321 0.005725
0.622457 0.005725
0.626621 0.005725
0.630812 0.005725
0.635032 0.005725
0.639279 0.005725
0.643555 0.005724
0.647860 0.005724
0.652194 0.005724
0.656556 0.005724
0.660948 0.005724
0.665369 0.005724
0.669820 0.005724
0.674300 0.005724
0.678810 0.005724
0.683351 0.005723
0.687922 0.005723
0.692523 0.005723
0.697155 0.005723
0.701819 0.005723
0.706513 0.005723
0.711239 0.005723
0.715996 0.005723
0.720786 0.005723
0.725607 0.005723
0.730461 0.005722
0.735347 0.005722
0.740265 0.005722
0.745217 0.005722
0.750202 0.005722
0.755220 0.005722
0.760271 0.005722
0.765357 0.005722
0.770476 0.005722
0.775630 0.005721
0.780818 0.005722
0.786041 0.005721
0.791299 0.005721
0.796592 0.005721
0.801920 0.005721
0.807284 0.005721
0.812684 0.005721
0.818120 0.005721
0.823592 0.005720
0.829101 0.005720
0.834647 0.005720
0.840230 0.005720
0.845850 0.005720
0.851508 0.005720
0.857204 0.005720
0.862938 0.005720
0.868710 0.005721
0.874521 0.005720
0.880370 0.005719
0.886259 0.005719
0.892187 0.005719
0.898155 0.005719
0.904163 0.005719
0.910211 0.005719
0.916299 0.005719
0.922428 0.005719
0.928598 0.005719
0.934810 0.005719
0.941063 0.005719
0.947357 0.005719
0.953694 0.005718
0.960073 0.005718
0.966495 0.005718
0.972960 0.005718
0.979468 0.005718
0.986020 0.005718
0.992615 0.005717
0.999255 0.005717
1.005939 0.005717
1.012667 0.005717
1.019441 0.005717
1.026260 0.005717
1.033125 0.005717
1.040035 0.005721
1.046992 0.005719
1.053995 0.005722
1.061046 0.005719
1.068143 0.005719
1.075288 0.005718
1.082480 0.005716
1.089721 0.005716
1.097010 0.005717
1.104348 0.005716
1.111735 0.005717
1.119171 0.005719
1.126657 0.005718
1.134193 0.005719
1.141780 0.005717
1.149417 0.005718
1.157106 0.005717
1.164845 0.005715
1.172637 0.005715
1.180481 0.005715
1.188377 0.005715
1.196326 0.005716
1.204328 0.005727
1.212384 0.005725
1.220493 0.005728
1.228657 0.005725
1.236876 0.005723
1.245149 0.005717
1.253478 0.005720
1.261862 0.005721
1.270303 0.005716
1.278800 0.005714
1.287354 0.005721
1.295965 0.005722
1.304634 0.005715
1.313360 0.005723
1.322145 0.005724
1.330989 0.005718
1.339892 0.005726
1.348854 0.005721
1.357877 0.005720
1.366960 0.005721
1.376103 0.005720
1.385308 0.005720
1.394574 0.005718
1.403902 0.005718
1.413293 0.005717
1.422747 0.005718
1.432263 0.005733
1.441844 0.005735
1.451488 0.005727
1.461197 0.005718
1.470971 0.005725
1.480810 0.005728
1.490715 0.005724
1.500687 0.005722
1.510725 0.005714
1.520830 0.005718
1.531003 0.005730
1.541243 0.005729
1.551553 0.005720
1.561931 0.005723
1.572379 0.005735
1.582896 0.005731
1.593484 0.005726
1.604143 0.005735
1.614873 0.005731
1.625675 0.005726
1.636549 0.005728
1.647496 0.005730
1.658516 0.005725
1.669609 0.005724
1.680777 0.005720
1.692020 0.005715
1.703338 0.005713
1.714732 0.005713
1.726201 0.005712
1.737748 0.005710
1.749372 0.005712
1.761073 0.005716
1.772853 0.005713
1.784711 0.005714
1.796649 0.005715
1.808667 0.005716
1.820765 0.005717
1.832944 0.005718
1.845205 0.005720
1.857547 0.005719
1.869972 0.005724
1.882480 0.005731
1.895072 0.005726
1.907748 0.005723
1.920509 0.005720
1.933355 0.005725
1.946287 0.005736
1.959306 0.005741
1.972412 0.005738
1.985605 0.005734
1.998887 0.005740
2.012257 0.005743
2.025717 0.005738
2.039267 0.005739
2.052908 0.005741
2.066640 0.005739
2.080463 0.005736
2.094379 0.005735
2.108389 0.005732
2.122492 0.005729
2.136689 0.005727
2.150981 0.005730
2.165369 0.005729
2.179853 0.005724
2.194434 0.005719
2.209112 0.005718
2.223889 0.005719
2.238765 0.005714
2.253740 0.005717
2.268815 0.005716
2.283991 0.005713
2.299268 0.005709
2.314648 0.005708
2.330131 0.005707
2.345717 0.005709
2.361407 0.005708
2.377203 0.005710
2.393104 0.005710
2.409111 0.005711
2.425225 0.005711
2.441448 0.005712
2.457778 0.005712
2.474218 0.005715
2.490768 0.005723
2.507429 0.005720
2.524201 0.005719
2.541085 0.005719
2.558083 0.005721
2.575194 0.005723
2.592419 0.005725
2.609760 0.005727
2.627216 0.005727
2.644789 0.005724
2.662480 0.005737
2.680290 0.005749
2.698218 0.005748
2.716266 0.005745
2.734435 0.005744
2.752726 0.005748
2.771139 0.005748
2.789675 0.005747
2.808335 0.005744
2.827120 0.005742
2.846030 0.005741
2.865067 0.005740
2.884231 0.005735
2.903524 0.005729
2.922945 0.005725
2.942497 0.005722
2.962179 0.005729
2.981993 0.005731
3.001940 0.005729
3.022019 0.005730
3.042234 0.005726
3.062583 0.005723
3.083069 0.005719
3.103691 0.005722
3.124452 0.005726
3.145351 0.005724
3.166390 0.005726
3.187570 0.005725
3.208891 0.005721
3.230356 0.005718
3.251963 0.005715
3.273716 0.005714
3.295613 0.005714
3.317658 0.005714
3.339849 0.005717
3.362189 0.005718
3.384679 0.005712
3.407319 0.005710
3.430110 0.005709
3.453054 0.005709
3.476152 0.005708
3.499403 0.005709
3.522811 0.005713
3.546375 0.005719
3.570096 0.005724
3.593977 0.005726
3.618017 0.005726
3.642217 0.005726
3.666580 0.005721
3.691106 0.005717
3.715795 0.005717
3.740650 0.005719
3.765671 0.005725
3.790860 0.005729
3.816217 0.005732
3.841743 0.005731
3.867440 0.005727
3.893309 0.005720
3.919352 0.005719
3.945568 0.005725
3.971960 0.005729
3.998528 0.005729
4.025274 0.005730
4.052199 0.005724
4.079304 0.005726
4.106590 0.005725
4.134059 0.005726
4.161712 0.005734
4.189549 0.005744
4.217573 0.005753
4.245784 0.005756
4.274184 0.005756
4.302774 0.005753
4.331555 0.005751
4.360529 0.005751
4.389696 0.005750
4.419059 0.005749
4.448618 0.005747
4.478374 0.005743
4.508330 0.005736
4.538486 0.005729
4.568844 0.005724
4.599405 0.005723
4.630170 0.005727
4.661141 0.005727
4.692319 0.005731
4.723706 0.005733
4.755302 0.005734
4.787111 0.005736
4.819131 0.005740
4.851366 0.005740
4.883817 0.005738
4.916485 0.005737
4.949371 0.005733
4.982477 0.005730
5.015805 0.005724
