0.602050 0.005917
0.606078 0.005916
0.610132 0.005915
0.614213 0.005914
0.618321 0.005913
0.622457 0.005912
0.626621 0.005911
0.630812 0.005910
0.635032 0.005909
0.639279 0.005908
0.643555 0.005907
0.647860 0.005906
0.652194 0.005905
0.656556 0.005904
0.660948 0.005903
0.665369 0.005902
0.669820 0.005901
0.674300 0.005900
0.678810 0.005899
0.683351 0.005897
0.687922 0.005896
0.692523 0.005896
0.697155 0.005895
0.701819 0.005894
0.706513 0.005893
0.711239 0.005892
0.715996 0.005891
0.720786 0.005891
0.725607 0.005890
0.730461 0.005888
0.735347 0.005887
0.740265 0.005885
0.745217 0.005884
0.750202 0.005883
0.755220 0.005882
0.760271 0.005881
0.765357 0.005880
0.770476 0.005880
0.775630 0.005880
0.780818 0.005883
0.786041 0.005881
0.791299 0.005879
0.796592 0.005879
0.801920 0.005878
0.807284 0.005878
0.812684 0.005880
0.818120 0.005880
0.823592 0.005877
0.829101 0.005874
0.834647 0.005871
0.840230 0.005871
0.845850 0.005871
0.851508 0.005870
0.857204 0.005865
0.862938 0.005861
0.868710 0.005865
0.874521 0.005859
0.880370 0.005856
0.886259 0.005856
0.892187 0.005857
0.898155 0.005862
0.904163 0.005861
0.910211 0.005862
0.916299 0.005861
0.922428 0.005860
0.928598 0.005861
0.934810 0.005867
0.941063 0.005864
0.947357 0.005865
0.953694 0.005862
0.960073 0.005861
0.966495 0.005857
0.972960 0.005855
0.979468 0.005852
0.986020 0.005847
0.992615 0.005843
0.999255 0.005840
1.005939 0.005839
1.012667 0.005839
1.019441 0.005838
1.026260 0.005839
1.033125 0.005840
1.040035 0.005856
1.046992 0.005854
1.053995 0.005866
1.061046 0.005858
1.068143 0.005860
1.075288 0.005862
1.082480 0.005866
1.089721 0.005871
1.097010 0.005877
1.104348 0.005882
1.111735 0.005889
1.119171 0.005898
1.126657 0.005901
1.134193 0.005899
1.141780 0.005898
1.149417 0.005904
1.157106 0.005906
1.164845 0.005901
1.172637 0.005894
1.180481 0.005894
1.188377 0.005898
1.196326 0.005899
1.204328 0.005921
1.212384 0.005903
1.220493 0.005919
1.228657 0.005899
1.236876 0.005897
1.245149 0.005883
1.253478 0.005874
1.261862 0.005863
1.270303 0.005846
1.278800 0.005842
1.287354 0.005862
1.295965 0.005864
1.304634 0.005842
1.313360 0.005873
1.322145 0.005871
1.330989 0.005850
1.339892 0.005887
1.348854 0.005858
1.357877 0.005866
1.366960 0.005871
1.376103 0.005867
1.385308 0.005868
1.394574 0.005864
1.403902 0.005865
1.413293 0.005857
1.422747 0.005859
1.432263 0.005956
1.441844 0.005962
1.451488 0.005883
1.461197 0.005849
1.470971 0.005897
1.480810 0.005894
1.490715 0.005867
1.500687 0.005861
1.510725 0.005833
1.520830 0.005840
1.531003 0.005917
1.541243 0.005911
1.551553 0.005837
1.561931 0.005855
1.572379 0.005970
1.582896 0.005928
1.593484 0.005879
1.604143 0.005966
1.614873 0.005920
1.625675 0.005879
1.636549 0.005905
1.647496 0.005918
1.658516 0.005873
1.669609 0.005871
1.680777 0.005861
1.692020 0.005858
1.703338 0.005861
1.714732 0.005863
1.726201 0.005866
1.737748 0.005869
1.749372 0.005872
1.761073 0.005875
1.772853 0.005878
1.784711 0.005881
1.796649 0.005885
1.808667 0.005891
1.820765 0.005894
1.832944 0.005898
1.845205 0.005903
1.857547 0.005910
1.869972 0.005918
1.882480 0.005944
1.895072 0.005922
1.907748 0.005922
1.920509 0.005921
1.933355 0.005931
1.946287 0.005977
1.959306 0.006031
1.972412 0.005997
1.985605 0.005965
1.998887 0.006027
2.012257 0.006051
2.025717 0.005998
2.039267 0.006004
2.052908 0.006030
2.066640 0.006014
2.080463 0.005986
2.094379 0.005990
2.108389 0.005981
2.122492 0.005974
2.136689 0.005968
2.150981 0.005968
2.165369 0.005965
2.179853 0.005963
2.194434 0.005963
2.209112 0.005965
2.223889 0.005965
2.238765 0.005964
2.253740 0.005963
2.268815 0.005963
2.283991 0.005963
2.299268 0.005965
2.314648 0.005967
2.330131 0.005969
2.345717 0.005970
2.361407 0.005972
2.377203 0.005974
2.393104 0.005975
2.409111 0.005973
2.425225 0.005969
2.441448 0.005964
2.457778 0.005958
2.474218 0.005952
2.490768 0.005947
2.507429 0.005939
2.524201 0.005933
2.541085 0.005928
2.558083 0.005927
2.575194 0.005924
2.592419 0.005929
2.609760 0.005928
2.627216 0.005925
2.644789 0.005912
2.662480 0.005988
2.680290 0.006116
2.698218 0.006117
2.716266 0.006075
2.734435 0.006058
2.752726 0.006106
2.771139 0.006114
2.789675 0.006099
2.808335 0.006055
2.827120 0.006040
2.846030 0.006032
2.865067 0.006010
2.884231 0.005956
2.903524 0.005893
2.922945 0.005869
2.942497 0.005861
2.962179 0.005896
2.981993 0.005932
3.001940 0.005905
3.022019 0.005908
3.042234 0.005878
3.062583 0.005864
3.083069 0.005853
3.103691 0.005864
3.124452 0.005888
3.145351 0.005872
3.166390 0.005881
3.187570 0.005869
3.208891 0.005858
3.230356 0.005851
3.251963 0.005847
3.273716 0.005847
3.295613 0.005846
3.317658 0.005845
3.339849 0.005841
3.362189 0.005843
3.384679 0.005830
3.407319 0.005826
3.430110 0.005816
3.453054 0.005816
3.476152 0.005810
3.499403 0.005802
3.522811 0.005809
3.546375 0.005821
3.570096 0.005844
3.593977 0.005872
3.618017 0.005882
3.642217 0.005884
3.666580 0.005832
3.691106 0.005810
3.715795 0.005812
3.740650 0.005821
3.765671 0.005867
3.790860 0.005905
3.816217 0.005934
3.841743 0.005926
3.867440 0.005880
3.893309 0.005829
3.919352 0.005827
3.945568 0.005867
3.971960 0.005914
3.998528 0.005909
4.025274 0.005911
4.052199 0.005856
4.079304 0.005865
4.106590 0.005865
4.134059 0.005871
4.161712 0.005955
4.189549 0.006067
4.217573 0.006154
4.245784 0.006184
4.274184 0.006189
4.302774 0.006162
4.331555 0.006137
4.360529 0.006134
4.389696 0.006127
4.419059 0.006120
4.448618 0.006088
4.478374 0.006043
4.508330 0.005961
4.538486 0.005878
4.568844 0.005855
4.599405 0.005852
4.630170 0.005875
4.661141 0.005873
4.692319 0.005916
4.723706 0.005937
4.755302 0.005948
4.787111 0.005977
4.819131 0.006017
4.851366 0.006014
4.883817 0.005993
4.916485 0.005977
4.949371 0.005948
4.982477 0.005912
5.015805 0.005867
